var SPLINE_EXPORTED_SCENE = {"scenes":[{"nodes":[0]}],"nodes":[{"children":[1,2,3,4,5,6,7,8,9,10,11,12,13,14,15,16,17,18,19,20,21,22,23,24,25,26,27,28,29,30,31,32,33,34,35,36,37,38,39,40,41,42,43,44,45,46,47,48,49,50]},{"mesh_spe":0,"material":0,"spe_interaction":0,"translation":[-175.09156987384964,68.88089134948251,-2091.030766817513],"rotation":[-0.47468734141152147,0.5033637595726624,0.5920663061938283,0.4132243246985018],"scale":[0.6569932290174472,0.5731105698868503,0.6061758520261389],"visible":true,"castShadow":true,"receiveShadow":true,"hiddenMatrix":[1,0,0,0,0,1,0,0,0,0,1,0,0,0,0,1],"type":"mesh3d","uuid":"F05828AC-392E-4512-9795-2D72EC8E4616","spe_cloner_data":{},"children":[51,52,53,54,55,56,57,58]},{"mesh_spe":1,"material":1,"spe_interaction":1,"translation":[725.0420672363158,49.6901280840806,1730.2966363256205],"rotation":[-0.04154613200422332,0.7001862945789555,0.7123824625920127,0.022897571718836912],"scale":[0.6569932290174476,0.5731105698868505,0.6061758520261391],"visible":true,"castShadow":true,"receiveShadow":true,"hiddenMatrix":[1,0,0,0,0,1,0,0,0,0,1,0,0,0,0,1],"type":"mesh3d","uuid":"47E5CDB3-ADA1-4D79-A486-C1B892676A08","spe_cloner_data":{},"children":[59,60,61,62,63,64,65,66]},{"mesh_spe":2,"material":2,"spe_interaction":2,"translation":[2337.133956448631,50.63879058657132,1233.9055747125442],"rotation":[-0.04154613200422333,0.7001862945789554,0.7123824625920129,0.022897571718836923],"scale":[0.6569932290174478,0.5731105698868509,0.6061758520261394],"visible":true,"castShadow":true,"receiveShadow":true,"hiddenMatrix":[1,0,0,0,0,1,0,0,0,0,1,0,0,0,0,1],"type":"mesh3d","uuid":"77708039-1940-4955-95A5-00E7A393CF60","spe_cloner_data":{},"children":[67,68,69,70,71,72,73,74]},{"mesh_spe":3,"material":3,"spe_interaction":3,"translation":[-845.3182539377948,96.03248273098468,1272.9692331824872],"rotation":[-0.04154613200422334,0.7001862945789556,0.7123824625920128,0.022897571718836905],"scale":[0.6569932290174472,0.5731105698868503,0.6061758520261389],"visible":true,"castShadow":true,"receiveShadow":true,"hiddenMatrix":[1,0,0,0,0,1,0,0,0,0,1,0,0,0,0,1],"type":"mesh3d","uuid":"B4C56416-232D-4444-B280-DA4B507352A7","spe_cloner_data":{},"children":[75,76,77,78,79,80,81,82]},{"mesh_spe":4,"material":4,"spe_interaction":4,"translation":[-1219.992419569652,126.51581715838938,-980.6319473494987],"rotation":[-0.7266288285990277,-0.24631099891476504,-0.556407145398169,0.3189867172975644],"scale":[-0.5518885402536247,0.47901794830353545,0.3944575421287034],"visible":true,"castShadow":true,"receiveShadow":true,"hiddenMatrix":[1,0,0,0,0,1,0,0,0,0,1,0,0,0,0,1],"type":"mesh3d","uuid":"97FECBB3-CE89-48BC-9031-DD87DDD3D3D4","spe_cloner_data":{},"children":[83,84,85,86,87,88,89,90]},{"mesh_spe":5,"material":5,"spe_interaction":5,"translation":[514.6591193148665,119.34753981255491,144.62696302162033],"rotation":[0.16829241381068338,0.7485560942183014,0.5621445331985628,0.3087636006030911],"scale":[0.6569932290174472,0.5731105698868502,0.6061758520261389],"visible":true,"castShadow":true,"receiveShadow":true,"hiddenMatrix":[1,0,0,0,0,1,0,0,0,0,1,0,0,0,0,1],"type":"mesh3d","uuid":"C3C5F273-15B1-4DF2-BB1A-CDDFF37D9CD7","spe_cloner_data":{},"children":[91,92,93,94,95,96,97,98]},{"mesh_spe":6,"material":6,"spe_interaction":6,"translation":[499.1221720706052,262.23752327084577,2076.7490744098286],"rotation":[-0.04932527561613187,-0.7071067811865476,1.3322676295501878e-15,0.7053843046066396],"scale":[1,1,1.0000000000000007],"visible":true,"castShadow":true,"receiveShadow":true,"hiddenMatrix":[1,0,0,0,0,1,0,0,0,0,1,0,0,0,0,1],"type":"mesh3d","uuid":"4F7A5317-FBCB-4467-850A-4052F61AD34E","spe_cloner_data":{},"children":[99,100,101]},{"mesh_spe":7,"material":7,"spe_interaction":7,"translation":[-361.63924882925,271.82285342311627,2125.8352875052756],"rotation":[-0.04223012161609234,-0.1221265236534489,-0.003337581721502085,0.9916100995839373],"scale":[1,1,1.0000000000000007],"visible":true,"castShadow":true,"receiveShadow":true,"hiddenMatrix":[1,0,0,0,0,1,0,0,0,0,1,0,0,0,0,1],"type":"mesh3d","uuid":"BEBA71F0-8C4B-4DE5-88EB-2FD10137DFB4","spe_cloner_data":{},"children":[102,103,104]},{"mesh_spe":8,"material":8,"spe_interaction":8,"translation":[404.16172597564406,310.35889425378195,-1216.2482918481576],"rotation":[-0.04223012161609234,-0.1221265236534489,-0.003337581721502085,0.9916100995839373],"scale":[1,1,1.0000000000000007],"visible":true,"castShadow":true,"receiveShadow":true,"hiddenMatrix":[1,0,0,0,0,1,0,0,0,0,1,0,0,0,0,1],"type":"mesh3d","uuid":"A22D7BE3-8609-49E4-91EE-512FE22D2D3A","spe_cloner_data":{},"children":[105,106,107]},{"mesh_spe":9,"material":9,"spe_interaction":9,"translation":[2.6567872125712597,358.3786329547274,-1753.7983591214772],"rotation":[-0.037221618992680845,0.29175603220354074,-0.02022557052400139,0.9555542344887542],"scale":[1,1,1.0000000000000004],"visible":true,"castShadow":true,"receiveShadow":true,"hiddenMatrix":[1,0,0,0,0,1,0,0,0,0,1,0,0,0,0,1],"type":"mesh3d","uuid":"E4ADDF20-D4C5-4119-8004-A459722E1179","spe_cloner_data":{},"children":[108,109,110]},{"mesh_spe":10,"material":10,"spe_interaction":10,"translation":[-1346.5346793080669,272.0211091717173,2115.877998586162],"rotation":[-0.04223012161609234,-0.1221265236534489,-0.0033375817215020843,0.9916100995839373],"scale":[1,1,1.0000000000000009],"visible":true,"castShadow":true,"receiveShadow":true,"hiddenMatrix":[1,0,0,0,0,1,0,0,0,0,1,0,0,0,0,1],"type":"mesh3d","uuid":"601734D9-C802-463C-9CB2-7E8BB70B586B","spe_cloner_data":{},"children":[111,112,113]},{"mesh_spe":11,"material":11,"spe_interaction":11,"translation":[-231.16843494471632,338.7113222330555,872.3664322472075],"rotation":[-0.015556421956186135,-0.25878148552980956,0.0007207885430733762,0.96581034419123],"scale":[1,1,1.0000000000000009],"visible":true,"castShadow":true,"receiveShadow":true,"hiddenMatrix":[1,0,0,0,0,1,0,0,0,0,1,0,0,0,0,1],"type":"mesh3d","uuid":"67D8EA66-C28E-47EC-8D65-5C2CD71E16AC","spe_cloner_data":{},"children":[114,115,116]},{"mesh_spe":12,"material":12,"spe_interaction":12,"translation":[-2167.425516682021,359.8072193608442,-740.2191254827437],"rotation":[0,-0.2763138899854586,0,0.9610674451884758],"scale":[1,1,1.0000000000000009],"visible":true,"castShadow":true,"receiveShadow":true,"hiddenMatrix":[1,0,0,0,0,1,0,0,0,0,1,0,0,0,0,1],"type":"mesh3d","uuid":"CE81ADD7-F1B0-4D37-A1D2-68B185F84FC4","spe_cloner_data":{},"children":[117,118,119]},{"mesh_spe":13,"material":13,"spe_interaction":13,"translation":[-461.8805608519183,362.45666198222455,-572.8447579523288],"rotation":[-0.03144590731340499,-0.7930682563169271,-0.019856663959057594,0.6079963886669746],"scale":[1,1,1.0000000000000009],"visible":true,"castShadow":true,"receiveShadow":true,"hiddenMatrix":[1,0,0,0,0,1,0,0,0,0,1,0,0,0,0,1],"type":"mesh3d","uuid":"C06BA7EA-42C2-4FA1-94AC-BC6170AE8FF8","spe_cloner_data":{},"children":[120,121,122]},{"mesh_spe":14,"material":14,"spe_interaction":14,"translation":[-1006.5329165629249,321.1328661002899,-1748.9051345598898],"rotation":[-0.04223012161609234,-0.1221265236534489,-0.003337581721502085,0.9916100995839373],"scale":[1,1,1.0000000000000007],"visible":true,"castShadow":true,"receiveShadow":true,"hiddenMatrix":[1,0,0,0,0,1,0,0,0,0,1,0,0,0,0,1],"type":"mesh3d","uuid":"D42CB345-B9BA-493D-AE7D-14AF56D001B9","spe_cloner_data":{},"children":[123,124,125]},{"mesh_spe":15,"material":15,"spe_interaction":15,"translation":[1993.4455727078991,271.1543475646929,-1938.7286191464088],"rotation":[-0.03667942035937872,0.3166695484996555,-0.021192988122434468,0.947589507344592],"scale":[1,1,1.0000000000000002],"visible":true,"castShadow":true,"receiveShadow":true,"hiddenMatrix":[1,0,0,0,0,1,0,0,0,0,1,0,0,0,0,1],"type":"mesh3d","uuid":"102D233C-B8EC-4AE5-8287-8558F7DDB246","spe_cloner_data":{},"children":[126,127,128]},{"mesh_spe":16,"material":16,"spe_interaction":16,"translation":[1724.7478897638746,304.8776617870325,204.62681439219182],"rotation":[-0.04223012161609234,-0.1221265236534489,-0.003337581721502087,0.9916100995839373],"scale":[1,1,1.0000000000000002],"visible":true,"castShadow":true,"receiveShadow":true,"hiddenMatrix":[1,0,0,0,0,1,0,0,0,0,1,0,0,0,0,1],"type":"mesh3d","uuid":"7A0829CE-0549-455D-A940-BFE697B9B670","spe_cloner_data":{},"children":[129,130,131]},{"mesh_spe":17,"material":17,"spe_interaction":17,"translation":[-1482.5148279994664,381.2898731682669,-122.87641392972967],"rotation":[0,-4.898587196589413e-15,0,1],"scale":[1,1,1],"visible":true,"castShadow":true,"receiveShadow":true,"hiddenMatrix":[1,0,0,0,0,1,0,0,0,0,1,0,-497.7219729292483,-92.18436685193582,891.0374939955451,1],"type":"mesh3d","uuid":"FD7B9AD6-157C-4492-B1E0-6E1C84E97D4C","spe_cloner_data":{},"children":[132]},{"mesh_spe":18,"material":18,"spe_interaction":18,"translation":[-1718.2672733803165,394.86541450571747,-2311.9179611422514],"rotation":[0,-4.898587196589413e-15,0,1],"scale":[1,1,1],"visible":true,"castShadow":true,"receiveShadow":true,"hiddenMatrix":[1,0,0,0,0,1,0,0,0,0,1,0,-497.7219729292483,-92.18436685193582,891.0374939955451,1],"type":"mesh3d","uuid":"58D03E1E-B0A1-4670-8DF0-9D0865BD84CB","spe_cloner_data":{},"children":[133]},{"mesh_spe":19,"material":19,"spe_interaction":19,"translation":[-970.9648772342873,381.28987316826533,-2589.3554720800894],"rotation":[0,-4.898587196589413e-15,0,1],"scale":[1,1,1],"visible":true,"castShadow":true,"receiveShadow":true,"hiddenMatrix":[1,0,0,0,0,1,0,0,0,0,1,0,-497.7219729292483,-92.18436685193582,891.0374939955451,1],"type":"mesh3d","uuid":"D3F9F540-6A08-4B8D-9B29-0090F229D9C7","spe_cloner_data":{},"children":[134]},{"mesh_spe":20,"material":20,"spe_interaction":20,"translation":[-321.9828210793163,380.320027296768,-921.0406284708432],"rotation":[0,-4.898587196589414e-15,0,1],"scale":[0.8285714285714286,0.8615212605318668,0.8095238095238095],"visible":true,"castShadow":true,"receiveShadow":true,"hiddenMatrix":[1,0,0,0,0,1,0,0,0,0,1,0,-497.7219729292483,-92.18436685193582,891.0374939955451,1],"type":"mesh3d","uuid":"02AEA773-1014-4E57-A0F7-0CD45D00D9AD","spe_cloner_data":{},"children":[135]},{"mesh_spe":21,"material":21,"spe_interaction":21,"translation":[-449.02188597443194,348.00636541301515,-41.491687601569765],"rotation":[0,-4.898587196589412e-15,0,1],"scale":[0.9571428571428572,0.75095168698767,0.8476190476190476],"visible":true,"castShadow":true,"receiveShadow":true,"hiddenMatrix":[1,0,0,0,0,1,0,0,0,0,1,0,-497.7219729292483,-92.18436685193582,891.0374939955451,1],"type":"mesh3d","uuid":"A0299C97-AC51-4148-A4B9-C72DB2E87F3C","spe_cloner_data":{},"children":[136]},{"mesh_spe":22,"material":22,"spe_interaction":22,"translation":[-531.7490465779022,431.66118886473936,-619.1397859241799],"rotation":[0,-4.898587196589413e-15,0,1],"scale":[1,1,1],"visible":true,"castShadow":true,"receiveShadow":true,"hiddenMatrix":[1,0,0,0,0,1,0,0,0,0,1,0,-497.7219729292483,-92.18436685193582,891.0374939955451,1],"type":"mesh3d","uuid":"E86CAF32-552B-4B32-830D-68A12050DE83","spe_cloner_data":{},"children":[137]},{"mesh_spe":23,"material":23,"spe_interaction":23,"translation":[-1084.03,456.6032837765308,-1248.29344832871],"rotation":[0,0.7071067811865475,0,0.7071067811865476],"scale":[1,1,1],"visible":true,"castShadow":true,"receiveShadow":true,"hiddenMatrix":[1,0,0,0,0,1,0,0,0,0,1,0,-497.7219729292483,-92.18436685193582,891.0374939955451,1],"type":"mesh3d","uuid":"A912DE5C-240E-4EC4-8ECA-5DBF42A21F5A","spe_cloner_data":{},"children":[138]},{"mesh_spe":24,"material":24,"spe_interaction":24,"translation":[-184.03084577766026,456.6032837765308,-1248.29344832871],"rotation":[0,-4.898587196589413e-15,0,1],"scale":[1,1,1],"visible":true,"castShadow":true,"receiveShadow":true,"hiddenMatrix":[1,0,0,0,0,1,0,0,0,0,1,0,-497.7219729292483,-92.18436685193582,891.0374939955451,1],"type":"mesh3d","uuid":"35D6D4DD-762A-4DCA-8B36-7272D32D6352","spe_cloner_data":{},"children":[139]},{"mesh_spe":25,"material":25,"spe_interaction":25,"translation":[1632.7149060074908,308.7458442951995,-2819.644236356868],"rotation":[0,-0.49999999999999994,0,0.8660254037844387],"scale":[1,1,1],"visible":true,"castShadow":true,"receiveShadow":true,"hiddenMatrix":[1,0,0,0,0,1,0,0,0,0,1,0,-497.7219729292483,-92.18436685193582,891.0374939955451,1],"type":"mesh3d","uuid":"51F8EF1D-A21E-43C3-B2B2-2BA79932A028","spe_cloner_data":{},"children":[140]},{"mesh_spe":26,"material":26,"spe_interaction":26,"translation":[2316.1132372035017,298.385064391695,1179.2760613293908],"rotation":[0,-4.898587196589413e-15,0,1],"scale":[1,1,1],"visible":true,"castShadow":true,"receiveShadow":true,"hiddenMatrix":[1,0,0,0,0,1,0,0,0,0,1,0,-497.7219729292483,-92.18436685193582,891.0374939955451,1],"type":"mesh3d","uuid":"2210143F-8EC2-47FF-87A9-5F03CD4F051A","spe_cloner_data":{},"children":[141]},{"mesh_spe":27,"material":27,"spe_interaction":27,"translation":[1782.3279440599658,234.37835915849598,-329.9152340906346],"rotation":[0,-4.898587196589412e-15,0,1],"scale":[0.7619439999999997,0.5119416883630005,0.611111111111111],"visible":true,"castShadow":true,"receiveShadow":true,"hiddenMatrix":[1,0,0,0,0,1,0,0,0,0,1,0,-497.7219729292483,-92.18436685193582,891.0374939955451,1],"type":"mesh3d","uuid":"CB1147D1-FF30-451B-B949-761693F29247","spe_cloner_data":{},"children":[142]},{"mesh_spe":28,"material":28,"spe_interaction":28,"translation":[1675.400384273083,308.7458442951994,-34.68189964630767],"rotation":[0,-0.374606593415912,0,0.9271838545667874],"scale":[1,1,1],"visible":true,"castShadow":true,"receiveShadow":true,"hiddenMatrix":[1,0,0,0,0,1,0,0,0,0,1,0,-497.7219729292483,-92.18436685193582,891.0374939955451,1],"type":"mesh3d","uuid":"58ED7E24-4F86-4FD9-A5DE-B3AE21D11CE6","spe_cloner_data":{},"children":[143]},{"mesh_spe":29,"material":29,"spe_interaction":29,"translation":[2059.2808952748987,-112.93620814863772,2451.874576728687],"rotation":[-7.049882635959525e-17,-0.9862856015372314,-7.049882635959525e-17,-0.16504760586067765],"scale":[-1.5796178343949043,1.3166666666666664,1.4103556027653852],"visible":true,"castShadow":true,"receiveShadow":true,"hiddenMatrix":[1,0,0,0,0,1,0,0,0,0,1,0,-410,388.5000000000093,4.53517516754124,1],"type":"mesh2d","uuid":"2FE851AB-924E-4403-B1E6-DDB1B1BE3FEB","spe_cloner_data":{},"children":[144]},{"mesh_spe":30,"material":30,"spe_interaction":30,"translation":[1874.227790939714,-153.88152653081244,-100.19994900465827],"rotation":[0,0,0,1],"scale":[1,1,1],"visible":true,"castShadow":true,"receiveShadow":true,"hiddenMatrix":[1,0,0,0,0,1,0,0,0,0,1,0,-410,388.5000000000093,4.53517516754124,1],"type":"mesh2d","uuid":"805D25D8-617C-429C-9A57-CA89DF0ABB65","spe_cloner_data":{},"children":[145]},{"mesh_spe":31,"material":31,"spe_interaction":31,"translation":[-1477.1284706394433,-131.3028748153048,-1784.7343456112867],"rotation":[0,0,0,1],"scale":[1,1,1],"visible":true,"castShadow":true,"receiveShadow":true,"hiddenMatrix":[1,0,0,0,0,1,0,0,0,0,1,0,-410,388.5000000000093,4.53517516754124,1],"type":"mesh2d","uuid":"0991EC1F-B1FE-48E2-8B52-E19BE7926E0A","spe_cloner_data":{},"children":[146]},{"mesh_spe":32,"material":32,"spe_interaction":32,"translation":[-1349.7674714258208,-48.39806603873433,-11.664353229813344],"rotation":[0,0,0,1],"scale":[1,1,1],"visible":true,"castShadow":true,"receiveShadow":true,"hiddenMatrix":[1,0,0,0,0,1,0,0,0,0,1,0,-410,388.5000000000093,4.53517516754124,1],"type":"mesh2d","uuid":"E8C9AE27-5E52-474A-B346-22348065F6BE","spe_cloner_data":{},"children":[147]},{"mesh_spe":33,"material":33,"spe_interaction":33,"translation":[2707.3988250274774,-203.64713126380968,-264.5436355985929],"rotation":[0,0.7660444431189782,0,0.6427876096865394],"scale":[0.9999999999999999,1,0.9999999999999999],"visible":true,"castShadow":true,"receiveShadow":true,"hiddenMatrix":[1,0,0,0,0,1,0,0,0,0,1,0,-410,388.5000000000093,4.53517516754124,1],"type":"mesh2d","uuid":"BC53DBB8-CFC8-4F6D-B4DB-B46F726E1E3B","spe_cloner_data":{},"children":[148]},{"mesh_spe":34,"material":34,"spe_interaction":34,"translation":[699.6771297445182,-48.39806603873342,-264.75042149447114],"rotation":[0,0.766044443118978,0,0.6427876096865394],"scale":[1,1,1],"visible":true,"castShadow":true,"receiveShadow":true,"hiddenMatrix":[1,0,0,0,0,1,0,0,0,0,1,0,-410,388.5000000000093,4.53517516754124,1],"type":"mesh2d","uuid":"ACF6BBC6-BF75-413A-AFC8-0A10E78A8559","spe_cloner_data":{},"children":[149]},{"mesh_spe":35,"material":35,"spe_interaction":35,"translation":[-1248.1606696751378,-123.0846554304689,1303.0735646758426],"rotation":[0,0,0,1],"scale":[1,1,1],"visible":true,"castShadow":true,"receiveShadow":true,"hiddenMatrix":[1,0,0,0,0,1,0,0,0,0,1,0,-410,388.5000000000093,4.53517516754124,1],"type":"mesh2d","uuid":"B27CCDC9-2B87-4745-A0F2-339C79836965","spe_cloner_data":{},"children":[150]},{"mesh_spe":36,"material":36,"spe_interaction":36,"translation":[-18.524914336683196,-164.38082884001625,74.66815558572132],"rotation":[0,0,0,1],"scale":[0.5,0.4296904478498007,0.53652967122386],"visible":true,"castShadow":true,"receiveShadow":true,"hiddenMatrix":[1,0,0,0,0,1,0,0,0,0,1,0,-410,388.5000000000093,4.53517516754124,1],"type":"mesh2d","uuid":"FC5E26A6-7E34-4FBE-BF06-37781EF890C9","spe_cloner_data":{},"children":[151]},{"mesh_spe":37,"material":37,"spe_interaction":37,"translation":[1734.18083742293,-180.84381052784062,1665.3021585241722],"rotation":[0.0036687791486780604,0.7660356577164169,0.003078471230526655,0.6427802378584905],"scale":[1,1,1.0000000000000004],"visible":true,"castShadow":true,"receiveShadow":true,"hiddenMatrix":[1,0,0,0,0,1,0,0,0,0,1,0,-410,388.5000000000093,4.53517516754124,1],"type":"mesh2d","uuid":"FC4B38C0-26AE-4134-9F48-5FDB3AB0B3F2","spe_cloner_data":{},"children":[152]},{"mesh_spe":38,"material":38,"spe_interaction":38,"translation":[-853.4106067313846,-123.08731611383467,1341.822699413102],"rotation":[0.00366877914867806,0.7660356577164169,0.0030784712305266556,0.6427802378584906],"scale":[1,1,1],"visible":true,"castShadow":true,"receiveShadow":true,"hiddenMatrix":[1,0,0,0,0,1,0,0,0,0,1,0,-410,388.5000000000093,4.53517516754124,1],"type":"mesh2d","uuid":"63F2236A-6D03-455C-A6D3-B3A57E6DD446","spe_cloner_data":{},"children":[153]},{"mesh_spe":39,"material":39,"spe_interaction":39,"translation":[2184.9456789065807,-175.8794408256896,-925.4328235049991],"rotation":[0,0.44619781310980877,0,0.8949343616020251],"scale":[1,1,1],"visible":true,"castShadow":true,"receiveShadow":true,"hiddenMatrix":[1,0,0,0,0,1,0,0,0,0,1,0,-410,388.5000000000093,4.53517516754124,1],"type":"mesh2d","uuid":"1E637BFD-0AFF-4FF6-93CC-1061727EE6AE","spe_cloner_data":{},"children":[154]},{"mesh_spe":40,"material":40,"spe_interaction":40,"translation":[845.0304373707929,-48.3980660387341,536.2129316248192],"rotation":[0,0.44619781310980877,0,0.8949343616020251],"scale":[1,1,1],"visible":true,"castShadow":true,"receiveShadow":true,"hiddenMatrix":[1,0,0,0,0,1,0,0,0,0,1,0,-410,388.5000000000093,4.53517516754124,1],"type":"mesh2d","uuid":"65D226C8-8F6D-4EDA-AE4C-D50546D0DCFC","spe_cloner_data":{},"children":[155]},{"spe_interaction":41,"camera":0,"translation":[-278.25254383878644,373.0560911599622,105.71548731634732],"rotation":[-0.19301060249696725,0.3975552653434683,0.08593389623107286,0.8929233359029148],"hiddenMatrix":[1,0,0,0,0,1,0,0,0,0,1,0,0,0,0,1],"visible":true,"uuid":"700BB1D5-5F84-4F6C-A80B-BA2D68E32BF5","children":[156]},{"visible":true,"extensions":{"KHR_lights_punctual":{"light":0}}},{"spe_empty_object":true,"spe_interaction":42,"translation":[1458.704409337768,200.2499999999992,-1289.7700240284971],"rotation":[0,0,0,1],"scale":[1,1,1],"hiddenMatrix":[1,0,0,0,0,1,0,0,0,0,1,0,0,0,0,1],"visible":true,"uuid":"A1F4CF27-5C33-4D4C-8658-7D48AF64B453","children":[157,158]},{"spe_empty_object":true,"spe_interaction":43,"translation":[215.21602094572916,154.36826238836244,1926.3720695794866],"rotation":[0,0,0,1],"scale":[0.6626016260162602,0.7618114485058299,0.6544715447154471],"hiddenMatrix":[1,0,0,0,0,1,0,0,0,0,1,0,0,0,0,1],"visible":true,"uuid":"65E9B01E-1800-44A9-BDCA-EDE850CCB669","children":[159,160]},{"spe_empty_object":true,"spe_interaction":44,"translation":[-73.92616130210922,271.9958904810204,-1036.3358290466772],"rotation":[0,0,0,1],"scale":[0.6626016260162602,0.7618114485058299,0.6544715447154471],"hiddenMatrix":[1,0,0,0,0,1,0,0,0,0,1,0,0,0,0,1],"visible":true,"uuid":"2BAC17E7-561B-4706-830F-F223065BA5A6","children":[161,162]},{"spe_empty_object":true,"spe_interaction":45,"translation":[673.5113266352255,257.397713457559,1413.5786224558706],"rotation":[0,0,0,1],"scale":[1,1,1],"hiddenMatrix":[1,0,0,0,0,1,0,0,0,0,1,0,0,0,0,1],"visible":true,"uuid":"021B8D29-74D1-42C8-9B99-D30C30F4EADC","children":[163,164]},{"spe_empty_object":true,"spe_interaction":46,"translation":[-236.82167261362318,267.6565183746143,1571.5520193603156],"rotation":[0,0,0,1],"scale":[1,1,1],"hiddenMatrix":[1,0,0,0,0,1,0,0,0,0,1,0,0,0,0,1],"visible":true,"uuid":"8DAD8C27-3AA9-4CCE-A0AB-F139BF0FBD28","children":[165,166]},{"mesh_spe":41,"material":41,"spe_interaction":47,"translation":[-653.1216876218386,64.99999999999994,-300.94798063968483],"rotation":[0.7071067811865475,0,0,0.7071067811865476],"scale":[1,1,1],"visible":true,"castShadow":true,"receiveShadow":true,"hiddenMatrix":[1,0,0,0,0,1,0,0,0,0,1,0,0,0,0,1],"type":"mesh2d","uuid":"1BC9E4E5-45E0-4F25-B35A-9F99565AB297","spe_cloner_data":{},"children":[167,168]},{"mesh_spe":42,"material":42,"spe_interaction":48,"translation":[0,0,0],"rotation":[0.7071067811865475,0,0,0.7071067811865476],"scale":[1,1,1],"visible":true,"castShadow":true,"receiveShadow":true,"hiddenMatrix":[1,0,0,0,0,1,0,0,0,0,1,0,0,0,0,1],"type":"mesh2d","uuid":"C0033D11-1670-4BE3-91B6-90DBB809D4E4","spe_cloner_data":{}},{"mesh_spe":43,"material":43,"spe_interaction":49,"translation":[328.1451556926762,-918.3729600099667,402.8130873095116],"rotation":[-0.02878569003819656,0.7978352905056915,0.04099131763181163,0.6007910994276895],"scale":[1,1,1],"visible":true,"castShadow":true,"receiveShadow":true,"hiddenMatrix":[-0.2764428777949866,-0.09518691632207422,0.9563047559630347,0,0.0033219588259488174,0.994982191855666,0.0999970123536406,0,-0.9610246094174614,0.030820266890309502,-0.27473953345455243,0,586.6441458521475,813.2749477621566,-121.51432894474846,1.0000000000000002],"type":"mesh3d","uuid":"7761C6FE-CAD4-4F97-95A6-3B220CB8B1B3","spe_cloner_data":{}},{"mesh_spe":44,"material":44,"spe_interaction":50,"translation":[334.5602815621297,-861.0176324282137,429.73756158805776],"rotation":[-0.02878569003819656,0.7978352905056915,0.04099131763181163,0.6007910994276895],"scale":[1,1,1],"visible":true,"castShadow":true,"receiveShadow":true,"hiddenMatrix":[-0.2764428777949866,-0.09518691632207422,0.9563047559630347,0,0.0033219588259488174,0.994982191855666,0.0999970123536406,0,-0.9610246094174614,0.030820266890309502,-0.27473953345455243,0,586.6441458521475,813.2749477621566,-121.51432894474846,1.0000000000000002],"type":"mesh3d","uuid":"3411DBA7-AC6D-4956-A9F7-056511435EBA","spe_cloner_data":{}},{"mesh_spe":45,"material":45,"spe_interaction":51,"translation":[322.1007897859138,-860.7958084039609,365.5650785934369],"rotation":[-0.02878569003819655,0.7978352905056915,0.04099131763181165,0.6007910994276894],"scale":[1.0000000000000002,0.9999999999999998,1.0000000000000002],"visible":true,"castShadow":true,"receiveShadow":true,"hiddenMatrix":[-0.2764428777949866,-0.09518691632207422,0.9563047559630347,0,0.0033219588259488174,0.994982191855666,0.0999970123536406,0,-0.9610246094174614,0.030820266890309502,-0.27473953345455243,0,586.6441458521475,813.2749477621566,-121.51432894474846,1.0000000000000002],"type":"mesh3d","uuid":"D01D760D-2D13-40D4-B70F-FD628ED51871","spe_cloner_data":{}},{"mesh_spe":46,"material":46,"spe_interaction":52,"translation":[355.79146100794486,-798.9918279510644,505.32932014704517],"rotation":[-0.02878569003819656,0.7978352905056916,0.04099131763181167,0.6007910994276893],"scale":[1.0000000000000002,0.9999999999999996,1.0000000000000007],"visible":true,"castShadow":true,"receiveShadow":true,"hiddenMatrix":[-0.2764428777949866,-0.09518691632207422,0.9563047559630347,0,0.0033219588259488174,0.994982191855666,0.0999970123536406,0,-0.9610246094174614,0.030820266890309502,-0.27473953345455243,0,586.6441458521475,813.2749477621566,-121.51432894474846,1.0000000000000002],"type":"mesh3d","uuid":"0A86C4FB-6F48-4082-87B5-BADD414199FE","spe_cloner_data":{}},{"mesh_spe":47,"material":47,"spe_interaction":53,"translation":[328.1451556926762,-918.3729600099667,402.8130873095116],"rotation":[-0.02878569003819656,0.7978352905056915,0.04099131763181163,0.6007910994276895],"scale":[1,1,1],"visible":true,"castShadow":true,"receiveShadow":true,"hiddenMatrix":[-0.2764428777949866,-0.09518691632207422,0.9563047559630347,0,0.0033219588259488174,0.994982191855666,0.0999970123536406,0,-0.9610246094174614,0.030820266890309502,-0.27473953345455243,0,586.6441458521475,813.2749477621566,-121.51432894474846,1.0000000000000002],"type":"mesh3d","uuid":"97CC13A4-2FFD-4217-AA67-6E66D271AF98","spe_cloner_data":{}},{"mesh_spe":48,"material":48,"spe_interaction":54,"translation":[334.5602815621297,-861.0176324282137,429.73756158805776],"rotation":[-0.02878569003819656,0.7978352905056915,0.04099131763181163,0.6007910994276895],"scale":[1,1,1],"visible":true,"castShadow":true,"receiveShadow":true,"hiddenMatrix":[-0.2764428777949866,-0.09518691632207422,0.9563047559630347,0,0.0033219588259488174,0.994982191855666,0.0999970123536406,0,-0.9610246094174614,0.030820266890309502,-0.27473953345455243,0,586.6441458521475,813.2749477621566,-121.51432894474846,1.0000000000000002],"type":"mesh3d","uuid":"C4EEFA5F-8E1D-479C-9E02-BC8C9564F65A","spe_cloner_data":{}},{"mesh_spe":49,"material":49,"spe_interaction":55,"translation":[322.1007897859138,-860.7958084039609,365.5650785934369],"rotation":[-0.02878569003819655,0.7978352905056915,0.04099131763181165,0.6007910994276894],"scale":[1.0000000000000002,0.9999999999999998,1.0000000000000002],"visible":true,"castShadow":true,"receiveShadow":true,"hiddenMatrix":[-0.2764428777949866,-0.09518691632207422,0.9563047559630347,0,0.0033219588259488174,0.994982191855666,0.0999970123536406,0,-0.9610246094174614,0.030820266890309502,-0.27473953345455243,0,586.6441458521475,813.2749477621566,-121.51432894474846,1.0000000000000002],"type":"mesh3d","uuid":"283CE9FF-B22B-43FF-931F-2A8911832CFF","spe_cloner_data":{}},{"mesh_spe":50,"material":50,"spe_interaction":56,"translation":[316.14261044270546,-798.5153756361249,367.49425840756885],"rotation":[-0.028785690038196553,0.7978352905056916,0.040991317631811665,0.6007910994276893],"scale":[1.0000000000000002,0.9999999999999996,1.0000000000000004],"visible":true,"castShadow":true,"receiveShadow":true,"hiddenMatrix":[-0.2764428777949866,-0.09518691632207422,0.9563047559630347,0,0.0033219588259488174,0.994982191855666,0.0999970123536406,0,-0.9610246094174614,0.030820266890309502,-0.27473953345455243,0,586.6441458521475,813.2749477621566,-121.51432894474846,1.0000000000000002],"type":"mesh3d","uuid":"16272A86-2CEE-4B4D-BC4D-4D35BE740F27","spe_cloner_data":{}},{"mesh_spe":51,"material":51,"spe_interaction":57,"translation":[328.1451556926762,-918.3729600099667,402.8130873095116],"rotation":[-0.02878569003819656,0.7978352905056915,0.04099131763181163,0.6007910994276895],"scale":[1,1,1],"visible":true,"castShadow":true,"receiveShadow":true,"hiddenMatrix":[-0.2764428777949866,-0.09518691632207422,0.9563047559630347,0,0.0033219588259488174,0.994982191855666,0.0999970123536406,0,-0.9610246094174614,0.030820266890309502,-0.27473953345455243,0,586.6441458521475,813.2749477621566,-121.51432894474846,1.0000000000000002],"type":"mesh3d","uuid":"6971AF07-17D9-410D-B0EF-E2D2A4F6FF8D","spe_cloner_data":{}},{"mesh_spe":52,"material":52,"spe_interaction":58,"translation":[334.5602815621297,-861.0176324282137,429.73756158805776],"rotation":[-0.02878569003819656,0.7978352905056915,0.04099131763181163,0.6007910994276895],"scale":[1,1,1],"visible":true,"castShadow":true,"receiveShadow":true,"hiddenMatrix":[-0.2764428777949866,-0.09518691632207422,0.9563047559630347,0,0.0033219588259488174,0.994982191855666,0.0999970123536406,0,-0.9610246094174614,0.030820266890309502,-0.27473953345455243,0,586.6441458521475,813.2749477621566,-121.51432894474846,1.0000000000000002],"type":"mesh3d","uuid":"E02BA4F0-541B-4BA4-AD58-7C434BB50342","spe_cloner_data":{}},{"mesh_spe":53,"material":53,"spe_interaction":59,"translation":[322.1007897859138,-860.7958084039609,365.5650785934369],"rotation":[-0.02878569003819655,0.7978352905056915,0.04099131763181165,0.6007910994276894],"scale":[1.0000000000000002,0.9999999999999998,1.0000000000000002],"visible":true,"castShadow":true,"receiveShadow":true,"hiddenMatrix":[-0.2764428777949866,-0.09518691632207422,0.9563047559630347,0,0.0033219588259488174,0.994982191855666,0.0999970123536406,0,-0.9610246094174614,0.030820266890309502,-0.27473953345455243,0,586.6441458521475,813.2749477621566,-121.51432894474846,1.0000000000000002],"type":"mesh3d","uuid":"47B5ECFD-9CAA-4A33-82CB-244FAE57CAAB","spe_cloner_data":{}},{"mesh_spe":54,"material":54,"spe_interaction":60,"translation":[355.79146100794486,-798.9918279510644,505.32932014704517],"rotation":[-0.02878569003819656,0.7978352905056916,0.04099131763181167,0.6007910994276893],"scale":[1.0000000000000002,0.9999999999999996,1.0000000000000007],"visible":true,"castShadow":true,"receiveShadow":true,"hiddenMatrix":[-0.2764428777949866,-0.09518691632207422,0.9563047559630347,0,0.0033219588259488174,0.994982191855666,0.0999970123536406,0,-0.9610246094174614,0.030820266890309502,-0.27473953345455243,0,586.6441458521475,813.2749477621566,-121.51432894474846,1.0000000000000002],"type":"mesh3d","uuid":"49EB1A8D-953F-4917-9C2D-F3542E581254","spe_cloner_data":{}},{"mesh_spe":55,"material":55,"spe_interaction":61,"translation":[328.1451556926762,-918.3729600099667,402.8130873095116],"rotation":[-0.02878569003819656,0.7978352905056915,0.04099131763181163,0.6007910994276895],"scale":[1,1,1],"visible":true,"castShadow":true,"receiveShadow":true,"hiddenMatrix":[-0.2764428777949866,-0.09518691632207422,0.9563047559630347,0,0.0033219588259488174,0.994982191855666,0.0999970123536406,0,-0.9610246094174614,0.030820266890309502,-0.27473953345455243,0,586.6441458521475,813.2749477621566,-121.51432894474846,1.0000000000000002],"type":"mesh3d","uuid":"813D6B12-C80F-41EA-A60B-1A0B901B0729","spe_cloner_data":{}},{"mesh_spe":56,"material":56,"spe_interaction":62,"translation":[334.5602815621297,-861.0176324282137,429.73756158805776],"rotation":[-0.02878569003819656,0.7978352905056915,0.04099131763181163,0.6007910994276895],"scale":[1,1,1],"visible":true,"castShadow":true,"receiveShadow":true,"hiddenMatrix":[-0.2764428777949866,-0.09518691632207422,0.9563047559630347,0,0.0033219588259488174,0.994982191855666,0.0999970123536406,0,-0.9610246094174614,0.030820266890309502,-0.27473953345455243,0,586.6441458521475,813.2749477621566,-121.51432894474846,1.0000000000000002],"type":"mesh3d","uuid":"04C11A6A-BA45-4A3D-9438-DB1D52E90589","spe_cloner_data":{}},{"mesh_spe":57,"material":57,"spe_interaction":63,"translation":[322.1007897859138,-860.7958084039609,365.5650785934369],"rotation":[-0.02878569003819655,0.7978352905056915,0.04099131763181165,0.6007910994276894],"scale":[1.0000000000000002,0.9999999999999998,1.0000000000000002],"visible":true,"castShadow":true,"receiveShadow":true,"hiddenMatrix":[-0.2764428777949866,-0.09518691632207422,0.9563047559630347,0,0.0033219588259488174,0.994982191855666,0.0999970123536406,0,-0.9610246094174614,0.030820266890309502,-0.27473953345455243,0,586.6441458521475,813.2749477621566,-121.51432894474846,1.0000000000000002],"type":"mesh3d","uuid":"3A5147C0-9E1D-4E32-BE8C-B7ED2DE96E73","spe_cloner_data":{}},{"mesh_spe":58,"material":58,"spe_interaction":64,"translation":[316.14261044270546,-798.5153756361249,367.49425840756885],"rotation":[-0.028785690038196553,0.7978352905056916,0.040991317631811665,0.6007910994276893],"scale":[1.0000000000000002,0.9999999999999996,1.0000000000000004],"visible":true,"castShadow":true,"receiveShadow":true,"hiddenMatrix":[-0.2764428777949866,-0.09518691632207422,0.9563047559630347,0,0.0033219588259488174,0.994982191855666,0.0999970123536406,0,-0.9610246094174614,0.030820266890309502,-0.27473953345455243,0,586.6441458521475,813.2749477621566,-121.51432894474846,1.0000000000000002],"type":"mesh3d","uuid":"7D405886-6D67-4FDA-81F3-019D72D8497E","spe_cloner_data":{}},{"mesh_spe":59,"material":59,"spe_interaction":65,"translation":[328.1451556926762,-918.3729600099667,402.8130873095116],"rotation":[-0.02878569003819656,0.7978352905056915,0.04099131763181163,0.6007910994276895],"scale":[1,1,1],"visible":true,"castShadow":true,"receiveShadow":true,"hiddenMatrix":[-0.2764428777949866,-0.09518691632207422,0.9563047559630347,0,0.0033219588259488174,0.994982191855666,0.0999970123536406,0,-0.9610246094174614,0.030820266890309502,-0.27473953345455243,0,586.6441458521475,813.2749477621566,-121.51432894474846,1.0000000000000002],"type":"mesh3d","uuid":"B86D26AB-719A-4B9E-BA4F-80A83F52C829","spe_cloner_data":{}},{"mesh_spe":60,"material":60,"spe_interaction":66,"translation":[334.5602815621297,-861.0176324282137,429.73756158805776],"rotation":[-0.02878569003819656,0.7978352905056915,0.04099131763181163,0.6007910994276895],"scale":[1,1,1],"visible":true,"castShadow":true,"receiveShadow":true,"hiddenMatrix":[-0.2764428777949866,-0.09518691632207422,0.9563047559630347,0,0.0033219588259488174,0.994982191855666,0.0999970123536406,0,-0.9610246094174614,0.030820266890309502,-0.27473953345455243,0,586.6441458521475,813.2749477621566,-121.51432894474846,1.0000000000000002],"type":"mesh3d","uuid":"EFAA102E-3233-4AFD-A808-8BE7AC8F4DCC","spe_cloner_data":{}},{"mesh_spe":61,"material":61,"spe_interaction":67,"translation":[322.1007897859138,-860.7958084039609,365.5650785934369],"rotation":[-0.02878569003819655,0.7978352905056915,0.04099131763181165,0.6007910994276894],"scale":[1.0000000000000002,0.9999999999999998,1.0000000000000002],"visible":true,"castShadow":true,"receiveShadow":true,"hiddenMatrix":[-0.2764428777949866,-0.09518691632207422,0.9563047559630347,0,0.0033219588259488174,0.994982191855666,0.0999970123536406,0,-0.9610246094174614,0.030820266890309502,-0.27473953345455243,0,586.6441458521475,813.2749477621566,-121.51432894474846,1.0000000000000002],"type":"mesh3d","uuid":"D7E21790-CF14-4C6C-942C-3CF6156A1390","spe_cloner_data":{}},{"mesh_spe":62,"material":62,"spe_interaction":68,"translation":[355.79146100794486,-798.9918279510644,505.32932014704517],"rotation":[-0.02878569003819656,0.7978352905056916,0.04099131763181167,0.6007910994276893],"scale":[1.0000000000000002,0.9999999999999996,1.0000000000000007],"visible":true,"castShadow":true,"receiveShadow":true,"hiddenMatrix":[-0.2764428777949866,-0.09518691632207422,0.9563047559630347,0,0.0033219588259488174,0.994982191855666,0.0999970123536406,0,-0.9610246094174614,0.030820266890309502,-0.27473953345455243,0,586.6441458521475,813.2749477621566,-121.51432894474846,1.0000000000000002],"type":"mesh3d","uuid":"AA5A4E7C-F78F-4600-80D0-FC5C3C35EDC2","spe_cloner_data":{}},{"mesh_spe":63,"material":63,"spe_interaction":69,"translation":[328.1451556926762,-918.3729600099667,402.8130873095116],"rotation":[-0.02878569003819656,0.7978352905056915,0.04099131763181163,0.6007910994276895],"scale":[1,1,1],"visible":true,"castShadow":true,"receiveShadow":true,"hiddenMatrix":[-0.2764428777949866,-0.09518691632207422,0.9563047559630347,0,0.0033219588259488174,0.994982191855666,0.0999970123536406,0,-0.9610246094174614,0.030820266890309502,-0.27473953345455243,0,586.6441458521475,813.2749477621566,-121.51432894474846,1.0000000000000002],"type":"mesh3d","uuid":"B5E265CF-10E8-439D-A25D-B3A3D1A8E956","spe_cloner_data":{}},{"mesh_spe":64,"material":64,"spe_interaction":70,"translation":[334.5602815621297,-861.0176324282137,429.73756158805776],"rotation":[-0.02878569003819656,0.7978352905056915,0.04099131763181163,0.6007910994276895],"scale":[1,1,1],"visible":true,"castShadow":true,"receiveShadow":true,"hiddenMatrix":[-0.2764428777949866,-0.09518691632207422,0.9563047559630347,0,0.0033219588259488174,0.994982191855666,0.0999970123536406,0,-0.9610246094174614,0.030820266890309502,-0.27473953345455243,0,586.6441458521475,813.2749477621566,-121.51432894474846,1.0000000000000002],"type":"mesh3d","uuid":"C19A3C24-61D4-4B80-A645-31175A76C6BA","spe_cloner_data":{}},{"mesh_spe":65,"material":65,"spe_interaction":71,"translation":[322.1007897859138,-860.7958084039609,365.5650785934369],"rotation":[-0.02878569003819655,0.7978352905056915,0.04099131763181165,0.6007910994276894],"scale":[1.0000000000000002,0.9999999999999998,1.0000000000000002],"visible":true,"castShadow":true,"receiveShadow":true,"hiddenMatrix":[-0.2764428777949866,-0.09518691632207422,0.9563047559630347,0,0.0033219588259488174,0.994982191855666,0.0999970123536406,0,-0.9610246094174614,0.030820266890309502,-0.27473953345455243,0,586.6441458521475,813.2749477621566,-121.51432894474846,1.0000000000000002],"type":"mesh3d","uuid":"CA6967E1-C0F9-4DCA-A5EE-01394DA28CD4","spe_cloner_data":{}},{"mesh_spe":66,"material":66,"spe_interaction":72,"translation":[316.14261044270546,-798.5153756361249,367.49425840756885],"rotation":[-0.028785690038196553,0.7978352905056916,0.040991317631811665,0.6007910994276893],"scale":[1.0000000000000002,0.9999999999999996,1.0000000000000004],"visible":true,"castShadow":true,"receiveShadow":true,"hiddenMatrix":[-0.2764428777949866,-0.09518691632207422,0.9563047559630347,0,0.0033219588259488174,0.994982191855666,0.0999970123536406,0,-0.9610246094174614,0.030820266890309502,-0.27473953345455243,0,586.6441458521475,813.2749477621566,-121.51432894474846,1.0000000000000002],"type":"mesh3d","uuid":"2ECB06D4-127D-446B-B7F5-8C647C9D08B1","spe_cloner_data":{}},{"mesh_spe":67,"material":67,"spe_interaction":73,"translation":[328.1451556926762,-918.3729600099667,402.8130873095116],"rotation":[-0.02878569003819656,0.7978352905056915,0.04099131763181163,0.6007910994276895],"scale":[1,1,1],"visible":true,"castShadow":true,"receiveShadow":true,"hiddenMatrix":[-0.2764428777949866,-0.09518691632207422,0.9563047559630347,0,0.0033219588259488174,0.994982191855666,0.0999970123536406,0,-0.9610246094174614,0.030820266890309502,-0.27473953345455243,0,586.6441458521475,813.2749477621566,-121.51432894474846,1.0000000000000002],"type":"mesh3d","uuid":"414D172F-C505-448D-9920-378E2FB6CB1B","spe_cloner_data":{}},{"mesh_spe":68,"material":68,"spe_interaction":74,"translation":[334.5602815621297,-861.0176324282137,429.73756158805776],"rotation":[-0.02878569003819656,0.7978352905056915,0.04099131763181163,0.6007910994276895],"scale":[1,1,1],"visible":true,"castShadow":true,"receiveShadow":true,"hiddenMatrix":[-0.2764428777949866,-0.09518691632207422,0.9563047559630347,0,0.0033219588259488174,0.994982191855666,0.0999970123536406,0,-0.9610246094174614,0.030820266890309502,-0.27473953345455243,0,586.6441458521475,813.2749477621566,-121.51432894474846,1.0000000000000002],"type":"mesh3d","uuid":"50C37537-CB6C-49FE-93B6-F2C3B44E0367","spe_cloner_data":{}},{"mesh_spe":69,"material":69,"spe_interaction":75,"translation":[322.1007897859138,-860.7958084039609,365.5650785934369],"rotation":[-0.02878569003819655,0.7978352905056915,0.04099131763181165,0.6007910994276894],"scale":[1.0000000000000002,0.9999999999999998,1.0000000000000002],"visible":true,"castShadow":true,"receiveShadow":true,"hiddenMatrix":[-0.2764428777949866,-0.09518691632207422,0.9563047559630347,0,0.0033219588259488174,0.994982191855666,0.0999970123536406,0,-0.9610246094174614,0.030820266890309502,-0.27473953345455243,0,586.6441458521475,813.2749477621566,-121.51432894474846,1.0000000000000002],"type":"mesh3d","uuid":"3BF66DD2-5AA4-4442-9225-DD792B6DE8AE","spe_cloner_data":{}},{"mesh_spe":70,"material":70,"spe_interaction":76,"translation":[355.79146100794486,-798.9918279510644,505.32932014704517],"rotation":[-0.02878569003819656,0.7978352905056916,0.04099131763181167,0.6007910994276893],"scale":[1.0000000000000002,0.9999999999999996,1.0